1.76 1.75 0.80 1.09 1.17 1.76 0.91
0.63 -0.07 0.80 0.60 1.17 0.46 0.91
-0.07 -0.56 -0.08 -0.40 0.05 -1.01 0.91
0.45 0.43 -0.08 0.10 -1.06 0.12 0.91
-0.24 -0.73 -0.95 -1.39 -0.50 -0.65 -1.10
1.15 1.25 1.67 1.09 -0.50 1.24 0.91
0.37 0.26 -0.08 -0.40 0.61 -0.67 0.91
-0.77 -1.06 -0.95 -0.40 0.61 -1.17 -1.10
-1.29 -0.89 -1.83 -1.39 -2.18 -1.01 -1.10
0.54 0.10 -0.08 0.10 -0.50 0.00 -1.10
0.71 -0.23 -0.08 0.10 0.61 -0.33 0.91
0.89 0.59 0.80 0.60 1.17 0.67 0.91
0.98 0.76 0.80 0.60 1.17 0.84 0.91
-0.86 0.26 -0.08 0.60 -0.50 -1.01 0.91
-0.51 -0.56 -0.08 0.10 -1.62 -0.67 0.91
-0.24 -0.40 -0.08 0.10 -1.06 -0.50 -1.10
0.02 -0.07 -0.08 0.60 -0.50 0.17 -1.10
0.19 -0.23 -0.08 0.60 -0.50 -1.01 0.91
0.10 0.43 -0.08 0.60 -0.50 0.34 -1.10
-1.20 -0.89 -0.08 0.10 -0.50 -0.17 -1.10
-0.42 -0.07 -0.08 -0.40 -1.62 -1.17 0.91
0.71 1.09 0.80 -0.40 -1.62 -0.33 -1.10
0.98 1.42 1.67 1.59 1.72 1.51 0.91
1.50 1.91 1.67 1.59 1.17 1.85 0.91
1.67 1.91 1.67 0.60 0.05 2.02 0.91
2.02 2.08 1.67 1.09 1.17 1.68 0.91
0.45 0.26 1.67 1.09 0.05 0.34 -1.10
-1.64 -1.55 -0.95 -1.89 -1.06 -1.85 0.91
-1.90 -2.38 -1.83 -1.39 -1.62 -2.35 -1.10
-0.59 -1.39 -0.95 -1.89 -1.62 -2.18 -1.10
-1.47 -1.72 -0.95 -0.40 -0.50 -0.84 0.91
0.89 -0.73 -0.08 0.60 0.61 -0.50 0.91
1.85 1.75 0.80 -0.40 1.17 1.35 0.91
2.02 1.09 1.67 0.60 0.61 1.68 0.91
1.24 0.76 1.67 0.60 1.72 2.02 0.91
0.28 0.43 1.67 1.59 1.72 1.01 0.91
-1.55 -0.23 -0.95 0.60 0.61 -0.33 -1.10
-1.47 -0.40 -1.83 -2.39 -1.62 -1.34 -1.10
-1.12 -0.40 -1.83 -0.40 -2.18 -1.85 -1.10
-0.86 0.10 -0.95 0.60 0.05 -1.51 -1.10
-0.77 0.43 -0.08 0.10 -0.50 -1.01 0.91
-0.07 -0.40 -0.95 -0.89 -1.06 -0.67 0.91
-0.33 -0.07 -0.95 -0.89 -1.62 -0.17 0.91
1.33 1.58 0.80 1.09 0.61 0.84 -1.10
0.80 0.92 1.67 1.09 0.61 1.35 0.91
0.45 0.43 1.67 1.59 0.61 0.84 0.91
1.06 1.09 1.67 0.60 1.72 1.18 0.91
1.94 1.91 1.67 1.09 0.61 1.85 -1.10
0.37 0.43 -0.08 0.10 1.72 0.42 0.91
0.89 0.59 0.80 -0.40 0.61 -0.33 0.91
-0.33 -1.55 -0.08 -0.89 1.17 -0.50 0.91
-0.42 -1.22 -0.95 -1.89 0.05 -1.17 0.91
1.50 1.42 0.80 0.60 -0.50 -1.01 0.91
0.63 0.76 0.80 0.60 -1.06 -0.84 0.91
0.45 0.43 -0.08 -0.40 0.05 -1.01 -1.10
0.28 -0.73 -0.08 -0.40 -0.50 -1.51 -1.10
-0.07 -0.89 -0.08 -1.39 -0.50 -2.01 -1.10
-1.64 -1.39 -0.95 0.60 -1.62 -1.68 -1.10
-1.47 -1.39 -1.83 -0.40 -1.62 -3.02 0.91
-0.51 -0.56 -0.95 -1.39 -1.62 -0.50 -1.10
-0.68 -1.22 -0.95 -0.40 -0.50 -0.84 -1.10
-0.86 -1.06 -0.08 0.60 -0.50 -0.67 -1.10
-1.12 -0.40 -0.95 -0.40 -0.50 -0.67 0.91
-0.16 -0.07 -0.95 0.60 -0.50 -0.17 0.91
0.71 0.59 -0.08 -0.40 0.05 0.17 -1.10
0.71 0.76 0.80 0.10 0.05 0.54 -1.10
0.89 1.09 -0.08 -0.40 -0.50 0.71 -1.10
-0.07 -0.07 -0.95 0.10 0.05 0.07 0.91
0.10 0.26 -0.08 0.10 0.61 1.04 0.91
0.98 1.25 0.80 1.09 0.61 0.94 0.91
1.33 1.75 1.67 1.59 1.72 1.75 0.91
1.67 0.76 1.67 1.59 1.72 1.95 0.91
0.37 0.59 1.67 1.59 1.72 1.43 0.91
-0.24 0.10 0.80 1.09 0.61 0.74 0.91
-0.24 -0.23 -0.08 -0.40 1.72 0.51 -1.10
1.06 1.09 -0.95 -1.39 0.61 -0.07 0.91
0.89 0.76 -0.08 -0.40 -0.50 0.20 0.91
-1.38 -1.39 -0.95 -0.40 -1.62 -0.64 -1.10
-1.82 -2.05 -0.95 -0.40 -1.62 -1.78 0.91
-1.99 -2.38 -1.83 -1.89 -1.62 -2.08 -1.10
-0.42 -0.40 -0.08 -1.39 -0.50 -0.97 0.91
2.02 2.08 0.80 1.59 1.72 1.51 0.91
0.28 0.43 1.67 1.59 1.17 1.04 0.91
0.45 1.25 1.67 0.60 1.17 1.28 0.91
2.02 1.25 1.67 1.09 1.17 1.43 0.91
0.19 -0.73 0.80 1.09 0.05 0.10 -1.10
-0.16 -0.23 -0.08 1.09 0.05 -0.30 -1.10
0.02 -0.07 -0.95 0.10 -0.50 -0.54 -1.10
-0.24 0.10 -0.08 1.09 0.05 -0.77 -1.10
-0.07 0.26 0.80 1.09 0.05 0.27 0.91
0.10 -0.23 -0.95 0.60 0.61 -1.14 0.91
-1.55 -1.72 -0.08 1.59 0.05 -1.58 -1.10
-1.64 -1.55 -0.95 0.60 -0.50 -0.96 -1.10
-1.38 -1.72 -0.95 -0.40 -0.50 -1.21 0.91
-1.20 -1.39 -0.08 -1.39 -1.06 -1.58 -1.10
-1.12 -1.22 0.80 -1.89 -1.06 -1.27 -1.10
-0.94 -1.22 -0.95 -0.40 -0.50 -1.01 -1.10
1.24 2.08 -0.08 0.60 0.61 0.61 0.91
1.33 1.91 0.80 1.59 1.17 1.08 0.91
0.54 0.92 -0.08 0.60 0.61 0.47 0.91
0.45 -0.07 -0.08 0.10 0.05 -0.23 0.91
-0.42 -0.40 -0.95 -0.89 -0.50 -0.80 -1.10
-0.24 -0.23 -0.95 0.60 0.05 -0.59 -1.10
0.02 -0.56 -0.95 1.09 0.61 -0.22 -1.10
0.80 0.76 -0.08 0.10 -0.50 0.76 0.91
-0.07 0.43 -0.08 0.60 1.17 0.30 0.91
1.06 0.59 0.80 1.09 1.17 0.98 0.91
1.85 1.58 0.80 0.10 1.17 1.45 0.91
1.24 1.42 1.67 1.59 1.72 1.31 0.91
-1.12 -0.73 1.67 1.59 0.61 0.07 -1.10
-1.03 0.10 1.67 -0.40 -0.50 -0.20 -1.10
0.37 0.26 0.80 0.60 0.61 0.14 0.91
-1.38 -0.07 -0.08 0.10 0.05 -0.43 0.91
0.28 0.43 -0.95 0.60 0.05 -0.07 -1.10
-0.51 -0.40 -0.08 0.10 -0.50 -0.25 0.91
-0.59 -0.23 0.80 1.09 1.17 0.74 0.91
-1.55 -0.89 -0.08 0.60 0.05 0.04 -1.10
-2.34 -0.56 0.80 -1.39 -1.06 -1.91 -1.10
-1.82 -1.39 -0.95 -0.40 0.05 -2.21 -1.10
0.89 -0.56 1.67 -0.40 0.05 0.40 0.91
1.59 1.58 1.67 1.59 1.72 1.61 0.91
1.50 1.91 1.67 1.09 1.17 1.48 0.91
-0.59 -0.23 0.80 -1.89 -1.06 -0.40 -1.10
-0.77 0.10 -0.08 0.10 0.05 -0.64 -1.10
-1.38 -0.23 0.80 -0.89 -0.50 -0.22 -1.10
-1.47 -1.22 -0.08 -1.39 -0.50 0.10 0.91
0.54 0.92 -0.08 0.60 -0.50 1.21 0.91
0.19 0.76 -0.08 -0.89 -1.62 0.19 0.91
0.80 0.76 -0.08 0.10 -0.50 0.84 0.91
1.41 1.75 1.67 1.59 1.72 1.26 0.91
1.94 1.09 1.67 0.60 1.17 1.95 0.91
-1.20 -0.40 1.67 1.59 1.17 0.09 -1.10
-0.68 -0.40 1.67 0.10 0.05 -0.07 -1.10
0.54 0.76 1.67 0.60 1.17 0.30 -1.10
1.41 0.92 1.67 0.60 0.61 1.14 0.91
-0.24 0.26 0.80 0.10 0.61 0.29 0.91
-0.42 -0.73 -0.08 1.59 0.61 -0.25 -1.10
-0.07 -1.22 -0.95 -1.89 -0.50 -0.74 0.91
0.80 1.42 -0.95 1.09 -0.50 0.81 0.91
0.10 0.26 -1.83 0.10 0.05 0.87 -1.10
1.06 0.43 -0.95 0.60 -0.50 0.93 0.91
1.33 1.75 -0.95 1.09 0.05 1.28 0.91
1.24 1.25 1.67 0.60 0.05 1.41 0.91
2.02 2.08 0.80 1.09 0.61 2.22 0.91
0.71 0.76 -0.95 -0.40 0.05 0.61 0.91
0.28 0.92 -0.95 -1.39 -1.06 0.07 0.91
-0.16 -0.40 -0.08 -1.39 -1.06 -0.20 -1.10
0.80 1.09 -0.08 -0.40 -0.50 0.86 0.91
1.94 1.42 0.80 0.60 0.05 2.02 0.91
-0.51 -0.23 -0.95 0.10 -0.50 -0.57 0.91
1.50 1.09 0.80 0.60 0.61 1.40 0.91
1.33 1.42 1.67 1.59 1.72 1.14 0.91
0.37 0.76 1.67 1.59 1.72 0.77 0.91
0.63 -0.40 -0.08 -0.40 0.61 0.25 -1.10
0.80 0.10 -0.08 -0.40 0.05 0.49 -1.10
-0.42 0.26 -0.08 -0.40 -0.50 0.15 -1.10
-0.16 -0.40 -0.08 -1.39 -1.06 -0.43 -1.10
-0.68 -0.56 -0.95 -1.39 -1.06 -0.57 -1.10
-0.94 -0.23 -0.95 -1.39 -1.06 -0.77 -1.10
-1.73 -1.22 -1.83 -1.89 -1.62 -1.17 -1.10
-0.16 -0.73 -1.83 -1.89 -1.62 -1.24 -1.10
-1.64 -1.39 -1.83 -1.89 -0.50 -1.91 -1.10
0.10 0.26 -0.08 -0.40 -0.50 -0.17 -1.10
0.02 -0.40 -0.08 0.10 -0.50 -0.07 -1.10
1.06 0.59 0.80 1.09 0.61 0.69 0.91
0.45 0.43 1.67 1.09 0.61 0.62 -1.10
-1.29 -0.89 -0.08 0.10 1.72 -0.45 -1.10
-0.33 -0.89 -0.08 -1.39 -0.50 -0.55 -1.10
-2.08 -1.72 -0.95 -1.39 0.61 -1.34 0.91
-0.51 -1.39 -0.95 -0.89 -0.50 -1.04 -1.10
-0.42 -1.06 -0.95 -0.89 0.05 -0.94 0.91
1.50 1.58 1.67 0.60 1.17 0.79 0.91
0.45 0.43 0.80 0.60 1.72 0.89 0.91
0.54 0.92 0.80 0.60 1.17 1.06 0.91
0.37 0.59 0.80 0.60 0.61 0.62 0.91
0.28 0.59 0.80 1.09 0.05 0.46 0.91
1.06 1.91 0.80 1.09 1.17 0.94 0.91
0.19 0.43 -0.08 0.10 0.05 0.74 -1.10
-0.68 0.10 -0.08 -0.89 -0.50 -0.80 -1.10
-0.86 -0.89 -0.08 -0.40 -0.50 -0.55 -1.10
-1.47 -0.56 -0.08 0.10 -0.50 -0.74 -1.10
-1.03 -0.07 -0.95 -0.89 -1.06 -0.30 -1.10
-1.55 -1.22 -0.95 -0.40 0.05 -1.21 -1.10
-0.24 0.43 -0.08 0.60 0.61 0.34 -1.10
-0.07 -0.23 -0.95 -0.89 0.61 -0.47 -1.10
0.89 0.92 0.80 1.09 1.17 0.86 0.91
0.02 -0.07 -0.08 0.10 -0.50 0.14 0.91
1.59 1.75 1.67 1.09 0.05 1.41 0.91
1.24 1.25 1.67 1.09 0.05 1.28 0.91
0.63 0.76 1.67 1.59 1.72 0.81 0.91
0.63 0.59 1.67 1.09 0.61 0.94 0.91
0.54 0.43 1.67 0.60 1.72 0.64 0.91
0.45 1.09 1.67 1.09 0.61 0.57 0.91
1.67 1.75 1.67 1.09 1.72 1.56 0.91
-0.07 0.26 -0.08 0.10 -0.50 0.27 -1.10
-0.86 -0.07 -0.95 -0.40 0.05 -0.13 0.91
-0.94 -0.40 -0.95 -0.40 -1.06 -0.57 -1.10
-0.59 -0.23 -0.95 0.10 -1.06 -0.45 -1.10
-0.51 -0.56 -0.08 1.09 1.17 -0.28 -1.10
-0.33 -0.07 -0.08 0.60 1.17 0.15 -1.10
0.02 -0.73 -0.08 -0.89 -0.50 -0.10 0.91
-0.16 0.43 -0.95 0.10 -0.50 -0.23 0.91
2.02 2.08 1.67 1.09 1.17 2.20 0.91
1.50 2.08 1.67 0.60 1.72 2.13 0.91
-1.64 -0.40 -0.08 0.10 0.61 -0.10 -1.10
-1.90 -1.39 -0.95 -0.89 -0.50 -1.59 -1.10
-0.16 -1.39 -0.95 0.10 -0.50 -1.19 -1.10
-0.59 -0.89 -0.08 0.10 0.61 -0.97 0.91
-1.03 -0.23 -0.95 -0.40 -0.50 -0.74 -1.10
-1.38 -0.56 -0.08 0.10 0.61 -0.80 0.91
0.71 0.10 0.80 1.09 0.61 0.77 0.91
0.98 0.43 0.80 1.59 0.61 0.91 0.91
1.85 2.08 0.80 1.59 1.72 1.78 0.91
1.41 1.91 1.67 1.59 1.17 1.98 0.91
1.24 1.58 0.80 1.09 1.72 1.38 0.91
1.15 1.42 1.67 1.59 1.17 1.28 0.91
0.45 0.76 0.80 1.09 1.17 1.11 0.91
0.37 0.26 0.80 0.60 0.61 0.89 0.91
0.63 0.43 0.80 -0.40 0.05 0.62 0.91
-0.42 -0.56 -0.08 0.10 0.05 -0.30 -1.10
-0.33 -0.73 -0.08 0.60 0.61 0.25 -1.10
-0.07 0.43 -0.08 0.10 0.61 -0.07 -1.10
0.63 0.92 0.80 1.09 0.61 0.32 -1.10
-0.77 0.26 -0.95 -0.40 0.61 -0.25 -1.10
-1.03 -0.40 -0.95 -0.40 -1.62 -0.62 -1.10
-1.82 -1.39 -0.95 -0.89 -1.06 -0.96 -1.10
-0.94 0.43 -0.95 0.10 0.61 -0.25 -1.10
-0.42 0.43 -0.95 0.10 -0.50 -0.12 -1.10
0.10 0.76 -0.08 0.60 0.05 0.12 -1.10
0.63 0.59 0.80 -0.40 -0.50 0.69 0.91
-0.33 -0.56 -0.08 0.60 1.17 0.09 -1.10
0.19 -0.23 -0.08 0.10 -1.06 -0.45 0.91
-0.42 -0.07 -0.95 -0.89 0.05 -0.55 -1.10
-1.12 -1.22 -0.95 -0.89 0.05 -0.89 -1.10
1.15 0.92 1.67 1.59 0.61 1.19 0.91
0.80 0.59 1.67 1.09 0.61 1.06 0.91
0.71 0.76 0.80 0.60 1.17 0.96 0.91
1.06 1.09 1.67 1.09 1.72 0.99 0.91
-0.59 -0.56 -0.08 -1.39 0.05 -0.38 -1.10
-1.55 -1.22 -1.83 -1.89 -1.62 -1.19 -1.10
-1.82 -1.06 -1.83 -0.89 -0.50 -1.54 -1.10
0.02 -0.73 -0.95 -0.89 -1.62 -0.75 -1.10
0.63 1.25 -0.08 0.10 -0.50 0.27 0.91
0.71 1.09 -0.08 0.10 -0.50 0.74 0.91
-0.24 -0.07 -0.95 -0.89 0.61 -0.07 -1.10
0.98 0.43 0.80 0.60 -1.06 0.71 0.91
-0.07 -0.40 -0.08 -0.40 0.05 0.22 -1.10
-0.51 -0.56 -0.95 -0.89 0.05 -0.20 -1.10
0.63 0.43 -0.08 0.10 0.61 0.46 0.91
0.37 0.59 -0.08 0.10 0.61 0.39 0.91
0.28 -0.56 -0.08 -0.40 -1.06 -0.05 0.91
-0.07 -1.39 -0.95 -0.89 -0.50 0.67 -1.10
0.10 -1.22 -0.95 -0.89 0.05 -0.10 0.91
1.59 1.25 0.80 1.09 1.17 1.82 0.91
0.37 1.09 0.80 0.60 1.72 0.87 -1.10
-0.86 0.43 0.80 0.60 1.17 -0.38 -1.10
-0.68 -1.39 -0.08 0.60 0.61 -0.07 -1.10
0.63 -1.22 -0.08 0.60 1.72 0.07 0.91
0.80 -0.89 0.80 1.59 1.72 0.27 0.91
1.24 1.91 0.80 1.59 1.17 1.24 0.91
0.89 0.10 1.67 1.59 0.05 0.89 0.91
-0.42 -0.56 -0.08 0.10 0.61 -0.85 -1.10
-0.77 -0.73 -0.95 -0.89 0.61 -0.40 0.91
0.63 0.59 -0.08 -0.89 -2.18 0.32 0.91
0.71 0.43 -0.95 -0.40 -1.06 0.27 0.91
-0.33 -0.89 -0.08 -0.89 -1.06 0.14 -1.10
-0.42 -0.40 -0.95 -1.39 -1.06 -0.25 -1.10
-0.24 -0.07 -0.08 -0.40 0.05 -0.72 0.91
0.89 0.92 0.80 1.09 1.72 0.91 -1.10
-0.77 0.10 0.80 1.09 1.72 -0.43 -1.10
-0.94 -0.40 -0.95 -0.89 -0.50 -0.64 0.91
-1.55 -1.88 -0.95 -1.89 -1.62 -1.24 -1.10
-1.99 -2.05 -1.83 -1.89 -2.18 -1.61 -1.10
-0.42 -1.39 -1.83 -2.39 -2.18 -0.99 0.91
-0.16 -1.22 -1.83 -1.39 -1.06 -1.09 -1.10
0.45 0.43 -0.08 0.10 -0.50 0.61 0.91
1.06 0.92 1.67 1.59 1.17 1.43 0.91
0.28 -1.06 -0.95 -0.89 -0.50 0.04 -1.10
-0.77 -0.73 -0.95 -0.40 0.05 -0.18 -1.10
-1.12 -0.89 -0.95 -0.40 0.61 0.22 -1.10
-0.51 -0.89 -0.08 1.09 0.61 0.07 0.91
0.02 0.43 -0.08 0.60 1.17 0.86 0.91
-0.42 -0.23 -0.08 0.60 0.05 0.32 0.91
0.37 0.59 -0.08 -0.89 -0.50 0.51 0.91
2.02 0.76 0.80 1.59 1.17 1.78 0.91
1.24 1.42 1.67 0.60 0.61 1.11 0.91
1.67 1.75 1.67 1.09 0.61 0.99 0.91
0.63 1.09 1.67 1.59 1.17 0.81 0.91
-0.24 -0.56 0.80 1.59 1.72 0.71 -1.10
-0.33 0.26 -0.08 0.60 0.05 0.67 -1.10
-0.86 -0.40 -0.95 -0.89 -0.50 -1.59 -1.10
-1.47 -0.89 -0.95 -1.89 -1.62 -1.22 -1.10
-1.29 -1.39 -0.95 -2.39 -1.62 -1.06 -1.10
-0.42 -1.55 -1.83 0.10 -0.50 -0.70 0.91
-0.07 -1.06 -0.95 -0.89 -1.62 -0.47 0.91
0.02 -1.22 -0.95 -0.40 -1.06 -0.05 -1.10
-0.59 -0.07 -0.08 0.10 0.05 0.12 -1.10
0.28 2.08 -0.08 0.60 1.17 0.86 -1.10
1.15 1.09 -0.08 1.09 1.17 1.08 0.91
-1.03 0.76 -0.08 -0.40 0.05 0.09 -1.10
-0.68 -0.23 -0.95 -0.89 -1.06 -1.01 -1.10
0.19 0.10 -0.95 -0.89 -0.50 0.27 -1.10
0.45 -0.40 -0.95 -0.40 -0.50 -0.25 0.91
0.54 -0.07 -0.08 0.10 0.05 -0.08 0.91
-0.33 -0.23 -0.95 -0.89 -1.62 -0.28 -1.10
0.37 0.26 -0.08 0.10 0.05 0.34 0.91
0.54 0.43 -0.08 0.60 0.05 0.84 0.91
0.71 0.76 0.80 0.60 0.61 0.67 0.91
-0.42 0.10 -0.08 0.10 -0.50 -0.12 -1.10
-0.77 0.43 0.80 0.10 -0.50 0.00 -1.10
0.28 -0.56 -0.08 -0.40 0.05 0.24 0.91
0.98 0.10 0.80 1.09 0.61 0.98 0.91
-0.51 -0.07 0.80 1.09 1.17 0.67 0.91
-1.38 -1.22 -0.08 0.10 -0.50 -0.94 -1.10
-1.03 -0.40 -0.95 -0.40 0.61 -0.79 -1.10
-0.77 -0.56 -0.95 -0.89 -0.50 -0.89 -1.10
-1.64 -1.06 -0.95 -1.89 -1.62 -1.24 -1.10
-1.47 -1.39 -1.83 -2.39 -1.06 -0.99 -1.10
0.63 0.59 -0.08 -0.89 -1.62 0.34 0.91
0.89 0.92 0.80 0.10 -0.50 0.15 0.91
0.02 -0.23 -0.08 0.60 0.05 -0.17 0.91
0.54 -0.56 -0.08 0.60 0.61 -0.27 0.91
-0.24 -0.07 -0.95 -0.89 0.61 -0.55 -1.10
-1.03 -0.89 -0.95 -1.39 -1.06 -0.70 -1.10
-0.16 -0.56 -0.08 -0.40 -1.06 -0.45 -1.10
0.80 1.42 -0.08 0.10 0.61 0.91 0.91
-1.55 -1.22 -0.08 -1.39 -1.62 -0.97 -1.10
-1.90 -1.06 -0.95 -0.89 -1.62 -1.24 -1.10
0.63 0.76 0.80 0.60 0.05 0.29 0.91
-1.73 -1.88 -0.95 -0.89 -2.18 -1.19 -1.10
0.89 0.92 -0.08 0.10 -0.50 0.10 0.91
-0.51 -0.40 -0.95 -0.40 -1.62 -0.80 0.91
-0.77 -0.23 -0.08 0.10 -1.06 -0.65 0.91
0.19 0.10 -0.08 -0.40 0.05 -0.10 0.91
-0.42 -0.07 0.80 1.09 0.61 0.09 0.91
0.71 0.59 0.80 0.60 1.17 0.86 0.91
0.19 0.43 -0.08 -0.40 -1.06 0.32 -1.10
1.33 1.75 1.67 1.59 1.72 1.46 0.91
0.54 0.10 1.67 0.60 0.61 0.24 0.91
0.63 -0.07 1.67 0.10 0.61 0.10 0.91
-0.42 -0.07 -0.08 -0.40 -0.50 -0.23 0.91
0.80 0.43 -0.08 0.10 0.05 0.27 0.91
-0.77 -0.23 -0.08 -0.40 -0.50 -0.60 -1.10
-1.03 -0.73 -0.95 -0.89 0.05 -0.79 -1.10
-1.90 -1.88 -0.95 -1.89 -1.62 -2.11 -1.10
-0.07 -1.55 -1.83 -1.89 -1.62 -1.96 -1.10
-1.12 -1.72 -0.95 -1.89 -1.62 -1.61 -1.10
-1.55 -2.21 -1.83 -2.39 -2.73 -2.11 -1.10
-1.29 -1.39 -1.83 -1.39 -1.62 -2.26 -1.10
-0.33 -1.06 -0.08 -0.89 -0.50 -0.94 -1.10
0.10 -0.07 -0.08 -0.40 0.05 -0.55 0.91
0.71 0.43 0.80 0.10 0.61 0.12 0.91
-1.20 -1.22 -0.95 -0.40 0.05 -0.90 0.91
-1.47 -0.89 -0.08 0.10 -1.06 -0.72 -1.10
-1.73 -1.55 -0.95 -0.89 -0.50 -1.56 -1.10
0.02 -0.23 -0.95 -1.39 0.05 -0.80 -1.10
0.89 0.26 -0.08 0.10 0.61 0.29 0.91
-1.38 -0.56 -0.95 0.10 0.05 -1.19 0.91
-0.24 -0.40 -0.95 -0.89 -1.62 -1.61 -1.10
0.37 -0.07 -0.95 -1.39 -2.18 -0.27 -1.10
0.45 0.43 -0.08 0.60 1.72 0.07 0.91
1.50 1.42 0.80 0.60 0.05 1.58 0.91
1.85 1.25 1.67 1.09 1.72 1.06 0.91
-0.94 -0.73 -0.95 -0.89 -0.50 -0.40 -1.10
-0.33 -0.89 -0.08 0.10 0.61 0.51 0.91
1.15 1.09 0.80 1.09 -0.50 0.96 0.91
0.28 -0.56 -0.08 0.10 1.17 -0.43 0.91
-0.51 -1.55 -1.83 -2.39 -1.06 -1.91 -1.10
-1.64 -2.54 -1.83 -1.39 -1.62 -1.21 -1.10
-1.38 -1.55 -1.83 -1.39 -0.50 -0.96 0.91
-0.59 -0.73 -0.95 -0.89 -1.06 -0.60 -1.10
0.63 0.43 -0.08 0.10 -0.50 1.04 0.91
1.67 1.91 0.80 1.09 0.61 1.71 0.91
0.37 0.26 -0.08 -0.40 -0.50 -0.10 0.91
-0.16 -0.40 -0.95 -1.39 -1.06 -1.59 -1.10
-1.12 -1.06 -0.95 -1.39 -1.06 -1.58 -1.10
-1.73 -1.88 -0.95 -0.89 -1.62 -1.96 -1.10
-2.34 -1.22 -1.83 -1.89 -1.62 -1.74 -1.10
-1.20 -1.55 -1.83 -1.39 -1.06 -1.59 -1.10
-0.51 -1.39 -1.83 -0.89 -0.50 -0.28 0.91
0.45 -0.56 -0.08 0.10 0.61 0.40 0.91
0.19 -0.40 -0.08 -0.40 0.05 0.12 0.91
0.63 0.43 0.80 1.09 0.61 0.93 0.91
-1.47 -1.22 -0.08 -0.40 0.05 -0.57 -1.10
2.02 0.92 0.80 1.59 1.72 1.92 0.91
1.59 1.58 1.67 1.59 1.72 2.05 0.91
-1.29 -1.06 -0.95 -0.89 0.05 -1.07 -1.10
-0.86 -0.40 -0.95 -1.39 0.05 -0.84 -1.10
-1.82 -1.72 -0.95 -1.89 -1.62 -1.34 -1.10
0.28 0.10 -0.08 0.10 0.61 -0.27 0.91
-0.24 -0.89 -0.95 -1.39 -1.06 -0.60 -1.10
0.10 -0.23 -0.08 -1.39 -0.50 0.09 -1.10
0.80 0.76 0.80 0.60 0.05 0.87 0.91
0.02 -0.56 -0.95 -0.40 -0.50 0.27 -1.10
1.06 0.59 0.80 1.09 0.61 1.06 0.91
0.63 0.43 -0.08 0.10 0.05 0.74 0.91
0.71 -0.07 -0.08 -0.40 0.05 0.86 0.91
1.15 1.42 0.80 1.59 1.17 1.43 0.91
-0.42 -0.73 -0.08 0.10 0.61 0.30 -1.10
1.41 1.58 0.80 1.59 0.61 1.78 0.91
